80,89
80,88
64,19
64,13
80,87
11,12
9,5
8,14
10,226
10,106
10,252
10,292
10,242
10,180
10,244
10,2
10,3
11,28
11,27
11,22
11,11
11,7
11,17
11,10
11,6
11,2
11,3
9,7
9,4
9,1
9,6
9,2
9,3
8,8
8,15
8,16
8,7
8,5
12,2
12,1
12,3
83,3
83,2
83,1
83,0
82,4
82,3
82,2
82,1
82,0
81,6
81,5
81,4
81,3
81,2
81,1
81,0
80,86
80,85
80,84
80,83
80,82
80,81
80,80
80,79
80,78
20,2
80,77
20,1
80,76
20,3
80,75
80,74
80,73
80,72
80,71
80,70
80,69
80,68
80,67
80,66
80,65
80,64
80,36
80,35
80,34
19,2
80,33
19,1
80,32
19,3
80,31
80,30
80,29
80,28
80,27
80,26
80,25
80,24
80,23
80,22
80,21
80,20
80,19
80,18
80,17
80,16
80,15
80,14
80,13
80,12
80,11
80,10
80,9
80,8
80,7
80,6
80,5
80,4
80,3
80,2
80,1
80,0
78,4
78,3
78,2
78,1
78,0
73,4
73,3
